100
148.05 2.0397 1541.87365
495.40989 1.10301 1947.51438
498.55036 1.20863 1969.07570
500.00000 4.00000 500.00000
133.00000 2.00000 266.00000
1.32430 2.99329 2.74897
493.60516 1.07656 1937.20793
493.96488 1.41292 1907.40533
1.00 2.50 1544.89073
466.09420 2.17175 1859.84661
493.37534 1.06600 1903.79796
122.0 2.0 1852.0
59.8 3.29078 2000.00
248.00000 2.00000 496.00000
264.0 1.64163 1402.564
492.52627 1.12490 1918.18550
210.01752 1.37703 198.46423
496.78002 1.29034 1976.74095
294.71754 3.24205 1441.77394
493.62084 1.45674 1994.26390
493.16321 1.25031 1974.36665
403.00000 3.00000 442.00000
494.23277 1.19101 1950.60294
157.55992 2.98004 1005.72683
495.97200 1.07013 1968.61816
193.8 3.06 210.0
206.00000 2.00000 412.00000
36.09857 1.98766 1346.87102
297.54 3.00501 1293.5
302.00000 2.00000 604.00000
233.0 3.0 245.0
498.64741 1.14056 1951.20435
498.82857 1.40107 1992.36441
492.22091 1.19500 1955.60795
187.0 2.0 506.0
183.0 1.0 1191.0
492.79902 1.18693 1986.78184
107.35 2.352 399.8
60.02418 3.84121 389.80
71.07 2.40724 87.288
498.50353 1.18803 1902.06232
438.0211 4.0 1161.7
494.71223 1.28846 1980.31862
495.83325 1.10549 1970.12189
493.16598 1.20293 1998.84308
389.0 4.0 846.0
123.39698 1.0 550.112
494.37176 1.27258 1929.57461
491.29064 1.11256 1990.78562
498.26207 1.02508 1985.61314
136.6078 3.860 672.77
498.08088 1.46931 1997.16197
111.0 2.0 1347.7293
500.0000 1.83726 80.6
16.74528 2.04696 1065.78363
1.00263 3.25818 1999.30849
492.83439 1.36101 1945.36746
490.32703 1.08898 1965.05135
90.71151 2.95266 693.95679
254.87240 2.94205 905.09860
497.58806 1.35552 1972.68033
495.09514 1.27068 1959.86023
495.76311 1.42818 1943.99641
394.00000 4.00000 440.00000
26.0 4.0 1312.0
490.92052 1.34708 1939.37628
417.80859 1.36343 1136.15763
446.61839 2.17364 1.24375
309.18000 3.86702 1340.94936
236.45034 2.81453 1650.28352
494.47797 1.19292 1936.72311
1.04239 3.75176 1999.55106
1.06780 3.47642 1999.53294
115.0 4.0 255.0
180.19161 3.75275 118.23490
490.58229 1.43576 1974.54243
61.77763 1.08851 1424.41730
324.0 1.0 1389.0
451.0 3.0 1590.0
453.00000 2.00000 453.00000
142.54894 2.99186 836.97925
461.0 1.0 544.0
397.0 2.0 1970.0
255.73442 1.18691 1047.92191
253.17741 3.17893 1973.02891
494.75176 1.36234 1931.18330
225.84710 2.945 419.598
104.60544 3.37846 1629.67485
198.0 1.0 675.0
498.87322 1.45826 1906.41523
152.112 1.0 343.36
462.370 3.210 1317.71
312.0 1.0 1.00
493.21834 1.24089 1904.24664
1.02804 3.55078 1999.39911
497.23076 1.19448 1921.04727
73.35669 1.89140 405.61716
350.99632 3.42564 373.34104
233.432 1.96 986.65
326.0 4.0 1879.0
