134
50 50 49
4 4 8
50 3 3
50 50 2400
3 3 3
2 50 48
50 2 43
50 50 2450
50 3 1
50 1 48
3 3 6
50 50 2402
50 50 3
3 50 42
50 50 249
50 3 2
3 3 2
50 1 2
4 4 14
50 3 46
50 50 2401
2 50 2
50 50 2495
50 2 44
50 50 50
4 4 2
4 4 6
5 5 23
3 50 4
3 50 44
50 2 42
1 50 47
3 50 45
4 4 13
2 50 42
50 50 2
3 3 7
4 4 12
50 50 252
3 50 3
3 3 0
50 3 48
4 4 0
50 50 2496
4 4 7
4 7 3
1 50 2
50 50 2498
2 50 4
3 1 1
50 50 2493
50 3 49
50 1 3
2 50 0
50 50 2490
3 3 1
50 50 2448
3 50 0
50 50 0
50 50 2451
3 50 48
4 4 5
4 4 1
50 2 0
50 3 42
50 50 2499
3 50 43
50 2 3
50 1 0
50 2 46
4 4 9
3 50 5
2 50 44
2 50 3
3 50 46
50 50 52
50 50 1
2 50 47
50 50 2491
4 4 10
50 3 43
50 2 5
50 50 2452
50 3 45
50 2 45
50 50 51
2 50 45
50 50 2497
2 50 1
3 3 4
50 2 1
50 50 250
50 3 47
50 1 47
50 50 2399
50 2 47
50 2 48
2 50 43
10 10 82
50 3 44
50 3 5
4 4 3
1 50 0
50 3 0
3 3 5
50 3 4
3 50 47
50 50 248
50 50 2398
50 2 49
3 50 49
50 50 2494
4 4 4
2 50 49
50 1 49
1 50 3
1 50 48
4 4 11
2 50 46
50 50 48
3 3 8
2 2 1
3 50 2
3 50 1
50 1 1
1 50 49
4 4 15
50 2 2
50 50 2492
50 50 2449
2 50 5
50 2 4
50 50 251
1 50 1
