50
5
0.56 0.31 0.75 0.81 0.12
0.19 0.38 0.69 0.62 0.25
3
0.74 0.21 0.26
0.05 0.84 0.11
10
0.21 0.49 0.18 0.62 0.03 0.97 0.05 0.15 0.44 0.56
0.10 0.36 0.67 0.33 0.51 0.46 0.82 0.31 0.41 0.85
10
0.343 0.039 0.020 0.333 0.373 0.422 0.167 0.275 0.480 0.294
0.843 0.833 0.961 0.990 0.775 0.971 0.725 0.735 0.608 0.784
1
0.82
0.36
10
0.50 0.43 0.17 0.45 0.76 0.69 0.79 0.93 0.98 0.83
0.07 0.26 0.86 0.62 0.36 0.12 0.19 0.67 0.24 0.60
10
0.104 0.821 0.717 0.858 0.038 0.425 0.358 0.557 0.387 0.208
0.594 0.019 0.906 0.623 0.726 0.028 0.311 0.340 0.651 0.415
9
0.43 0.38 0.36 0.03 0.26 0.49 0.33 0.21 0.41
0.89 0.82 0.67 0.57 0.75 0.79 0.93 0.87 0.69
10
0.19 0.81 0.29 0.94 0.10 0.77 0.03 0.26 0.55 0.13
0.71 0.42 0.97 0.61 0.58 0.39 0.35 0.52 0.90 0.06
10
0.12 0.29 0.18 0.32 0.40 0.09 0.01 0.27 0.22 0.35
0.49 0.88 0.87 0.47 0.53 0.90 0.96 0.94 0.45 0.41
10
0.931 0.957 0.690 0.836 0.681 0.940 0.767 0.750 0.914 0.672
0.112 0.483 0.190 0.500 0.147 0.207 0.440 0.612 0.138 0.103
5
0.47 0.27 0.13 0.40 0.07
0.73 0.53 0.67 0.80 0.87
3
0.80 0.54 0.06
0.91 0.31 0.26
10
0.22 0.31 0.37 0.42 0.91 0.35 0.76 0.32 0.25 0.48
0.54 0.53 0.57 0.93 0.98 0.63 0.96 0.30 0.33 0.99
10
0.65 0.51 0.35 0.53 0.86 0.77 0.42 0.38 0.37 0.59
0.20 0.19 0.02 0.33 0.12 0.14 0.15 0.31 0.01 0.24
10
0.04 0.74 0.43 0.22 0.30 0.26 0.79 0.88 0.90 0.17
0.23 0.45 0.98 0.91 0.35 0.67 0.42 0.75 0.03 0.77
1
0.67
0.17
10
0.35 0.53 0.99 0.96 0.16 0.24 0.37 0.08 0.92 0.45
0.98 0.32 0.39 0.41 0.30 0.03 0.22 0.06 0.90 0.61
1
0.9
0.2
1
0.3
0.1
5
0.17 0.79 0.77 0.08 0.71
0.19 0.50 0.46 0.60 0.52
10
0.20 0.09 0.22 0.51 0.64 0.18 0.76 0.04 0.93 0.80
0.73 0.27 0.71 0.78 0.58 0.07 0.82 0.49 0.84 0.33
10
0.86 0.93 0.52 0.55 0.69 0.90 0.62 0.72 0.83 0.59
0.31 0.28 0.48 0.45 0.07 0.17 0.41 0.14 0.21 0.38
10
0.81 0.78 0.71 0.23 0.14 0.56 0.37 0.12 0.11 0.36
0.90 0.77 0.34 0.99 0.30 0.53 0.96 0.15 0.88 0.44
10
0.867 0.300 0.425 0.050 0.967 0.408 0.692 0.642 0.742 0.492
0.550 0.733 0.058 0.942 0.658 0.883 0.533 0.100 0.958 0.858
10
0.87 0.62 0.82 0.46 0.49 0.47 0.88 0.86 0.79 0.78
0.64 0.94 0.40 0.76 0.73 0.39 0.68 0.19 0.22 0.92
10
0.89 0.69 0.74 0.65 0.78 0.67 0.70 0.64 0.77 0.98
0.57 0.07 0.59 0.19 0.32 0.13 0.55 0.20 0.36 0.30
10
0.38 0.97 0.59 0.41 0.52 0.76 0.14 0.07 0.93 0.17
0.34 0.28 0.90 0.24 0.72 0.31 0.66 0.55 0.03 0.69
10
0.68 0.78 0.70 0.59 0.97 0.57 0.81 0.84 0.51 0.46
0.16 0.19 0.14 0.41 0.24 0.03 0.32 0.35 0.27 0.11
10
0.93 0.69 0.76 0.55 0.66 0.79 0.86 0.48 0.72 0.90
0.34 0.38 0.10 0.31 0.17 0.28 0.14 0.21 0.07 0.03
10
0.704 0.722 0.324 0.519 0.787 0.907 0.852 0.657 0.981 0.380
0.481 0.102 0.343 0.620 0.694 0.204 0.185 0.046 0.824 0.389
7
0.46 0.29 0.88 0.33 0.65 0.77 0.86
0.42 0.61 0.23 0.35 0.48 0.68 0.54
10
0.98 0.42 0.58 0.72 0.40 0.44 0.46 0.12 0.30 0.26
0.70 0.14 0.78 0.04 0.80 0.10 0.82 0.56 0.16 0.02
10
0.71 0.45 0.74 0.52 0.69 0.31 0.12 0.07 0.40 0.62
0.26 0.76 0.24 0.50 0.10 0.60 0.88 0.48 0.33 0.36
1
0.7
0.4
5
0.03 0.33 0.31 0.46 0.64
0.95 0.18 0.10 0.13 0.49
10
0.88 0.84 0.10 0.66 0.04 0.82 0.77 0.48 0.59 0.02
0.47 0.29 0.83 0.53 0.41 0.36 0.76 0.61 0.52 0.58
4
0.95 0.57 0.05 0.52
0.86 0.76 0.33 0.24
10
0.59 0.86 0.96 0.51 0.08 0.88 0.37 0.76 0.31 0.78
0.41 0.22 0.12 0.14 0.75 0.45 0.43 0.47 0.69 0.63
10
0.59 0.63 0.65 0.78 0.52 0.39 0.72 0.11 0.54 0.09
0.41 0.85 0.37 0.93 0.43 0.87 0.80 0.91 0.04 0.89
5
0.26 0.30 0.04 0.96 0.11
0.22 0.19 0.41 0.56 0.44
10
0.883 0.835 0.728 0.942 0.019 0.301 0.680 0.029 0.699 0.573
0.825 0.874 0.845 0.670 0.427 0.049 0.990 0.388 0.068 0.398
10
0.40 0.70 0.57 0.04 0.15 0.08 0.96 0.65 0.36 0.19
0.68 0.56 0.13 0.63 0.24 0.07 0.05 0.14 0.22 0.75
7
0.45 0.27 0.33 0.41 0.43 0.75 0.67
0.78 0.08 0.29 0.94 0.98 0.90 0.24
10
0.83 0.98 0.67 0.64 0.40 0.23 0.41 0.57 0.49 0.01
0.27 0.33 0.12 0.19 0.31 0.73 0.95 0.13 0.75 0.63
4
0.29 0.12 0.06 0.47
0.88 0.68 0.15 0.24
1
0.25
0.08
10
0.62 0.94 0.96 0.75 0.92 0.98 0.85 0.42 0.21 0.70
0.53 0.04 0.66 0.74 0.47 0.30 0.79 0.15 0.34 0.36
10
0.92 0.28 0.66 0.67 0.38 0.56 0.41 0.73 0.58 0.54
0.89 0.76 0.20 0.52 0.59 0.85 0.49 0.72 0.87 0.03
3
0.67 0.86 0.62
0.38 0.24 0.48
