20
50 0.718 0.450 0.928 0.207 0.675 0.390 0.937
1 0.800 0.100 0.500 0.500 0.500 0.500 0.500
29 0.767 0.586 0.279 0.921 0.407 0.019 0.732
1 1.000 0.000 1.000 1.000 1.000 1.000 1.000
86 0.633 0.095 0.166 0.183 0.960 0.823 0.176
45 0.889 0.664 0.232 0.454 0.785 0.637 0.611
53 0.355 0.185 0.299 0.939 0.295 0.063 0.155
99 0.753 0.662 0.810 0.984 0.645 0.511 0.015
65 0.477 0.013 0.439 0.346 0.125 0.582 0.894
12 0.915 0.628 0.785 0.748 0.986 0.089 0.091
89 0.812 0.547 0.657 0.131 0.302 0.379 0.955
2 0.600 0.200 0.500 0.100 1.000 0.100 1.000
32 0.958 0.820 0.554 0.677 0.849 0.905 0.797
59 0.916 0.520 0.917 0.588 0.808 0.719 0.404
34 0.464 0.371 0.105 0.424 0.121 0.433 0.857
30 0.889 0.482 0.277 0.194 0.392 0.339 0.886
58 0.472 0.182 0.418 0.097 0.569 0.816 0.711
14 0.572 0.439 0.467 0.725 0.471 0.556 0.085
7 0.646 0.195 0.437 0.617 0.120 0.642 0.828
71 0.649 0.181 0.358 0.197 0.773 0.810 0.348
