20
218492221 46085
3 7 1 999969453
977365070 59489
8 5 9 999966210
82 81
58 56 739 82
45068754 29153
2 9 5 999904402
714311129 39521
9 5 9 999998192
693840425 90561
2 6 7 999957328
1000000000 100000
1 1 0 2
1000000000 100000
100000 1 0 1000000000
1000000000 1
12 7 74 12
640834505 28785
3 9 1 999946125
59 26
14 19 681 59
131 74
1 9 10 78736
249718282 93729
1 5 6 999917908
66 39
35 2 589 66
73 26
5 8 4 54214
1000000000 100000
999999999 1 999999999 1000000000
97 39
34 37 656 97
137 49
48 17 461 137
28 21
6 5 1 85919
497151700 96511
9 7 6 999919625
